-0.22 -1.15 0.00
-0.50 -0.84 0.00
-0.19 -0.72 0.00
-0.14 -0.78 0.00
-0.35 -0.99 0.00
-0.52 -0.95 0.00
-0.38 -0.63 0.00
-0.15 -0.36 0.00
-0.52 -0.76 0.00
-0.78 -1.16 0.00
-0.61 -0.99 0.00
-0.46 -0.68 0.00
-0.67 -1.01 0.00
-0.24 -0.79 0.00
-0.86 -0.25 0.00
-0.41 -0.53 0.00
-1.36 -1.01 0.00
-0.61 -1.14 0.00
0.19 -1.22 0.00
-0.57 -0.05 0.00
-0.62 -1.13 0.00
0.02 -0.72 0.00
-0.83 -1.02 0.00
-0.15 -1.11 0.00
-0.47 -1.01 0.00
-0.65 -0.74 0.00
-0.37 -0.90 0.00
-0.23 -1.05 0.00
-0.74 -0.36 0.00
-0.28 -0.46 0.00
-0.74 -0.55 0.00
-0.72 -0.41 0.00
-0.24 -1.15 0.00
-0.58 -0.24 0.00
-0.71 -1.42 0.00
-0.33 -0.52 0.00
0.07 -0.64 0.00
-0.09 -0.92 0.00
-0.21 -0.53 0.00
-0.25 -0.61 0.00
-0.16 -0.73 0.00
-0.50 -1.09 0.00
-0.51 -0.92 0.00
-0.22 -0.43 0.00
-0.80 -0.51 0.00
0.04 -0.54 0.00
-0.04 -0.03 0.00
-0.64 -0.71 0.00
-0.39 -0.05 0.00
-0.16 -0.74 0.00
-0.44 -0.75 0.00
-0.54 -0.52 0.00
-0.58 -0.70 0.00
-0.18 -0.47 0.00
-0.03 -1.14 0.00
-0.12 -1.00 0.00
-0.14 -0.84 0.00
-0.89 -0.66 0.00
-0.04 -0.84 0.00
-0.70 -0.78 0.00
-0.13 -0.24 0.00
-0.41 -1.10 0.00
-0.71 -1.04 0.00
-0.95 -0.98 0.00
-0.04 -0.59 0.00
-0.68 -0.58 0.00
-0.72 -0.43 0.00
-0.19 -0.48 0.00
-0.52 -0.55 0.00
-0.46 -0.72 0.00
-0.80 -0.72 0.00
-0.81 -0.05 0.00
-0.46 -0.84 0.00
-0.93 -0.84 0.00
-0.72 -0.95 0.00
-0.80 -0.69 0.00
-1.23 -0.72 0.00
-0.11 -1.11 0.00
-0.69 -1.08 0.00
-0.43 -0.48 0.00
-0.76 -0.52 0.00
0.02 -1.13 0.00
-0.27 -0.89 0.00
-0.28 -0.43 0.00
-0.91 -0.81 0.00
-0.43 -1.13 0.00
-0.36 -0.80 0.00
-0.82 -1.21 0.00
-0.25 -0.78 0.00
0.01 -1.26 0.00
-0.32 -0.93 0.00
-0.46 -0.37 0.00
-0.70 -0.64 0.00
-0.53 -1.13 0.00
-0.04 -0.60 0.00
-0.36 -1.24 0.00
-0.39 -0.88 0.00
-0.34 -0.27 0.00
-0.36 -0.97 0.00
-0.67 -0.96 0.00
-0.82 -0.72 0.00
0.25 -1.05 0.00
-0.07 -0.66 0.00
-0.66 -1.14 0.00
-0.64 -0.92 0.00
-0.30 -1.05 0.00
0.02 -0.29 0.00
-0.26 -0.72 0.00
-0.33 -0.97 0.00
-0.79 -0.80 0.00
-0.62 -1.16 0.00
-0.77 -0.39 0.00
-0.59 -0.69 0.00
-0.32 -0.99 0.00
-0.81 -1.10 0.00
-0.44 -0.22 0.00
-0.39 -0.73 0.00
-0.47 -0.97 0.00
0.01 -0.72 0.00
-0.59 -1.49 0.00
-0.39 -0.42 0.00
-0.53 -0.36 0.00
-0.38 -0.99 0.00
-0.59 -0.87 0.00
-0.29 -0.78 0.00
-0.32 -0.97 0.00
-0.88 -1.43 0.00
-0.38 -0.84 0.00
-0.44 -0.83 0.00
-0.63 -0.67 0.00
-0.47 -0.40 0.00
-0.24 -0.55 0.00
-0.62 -0.93 0.00
-0.82 -0.93 0.00
-0.47 -1.05 0.00
-0.35 -0.58 0.00
-0.25 -0.32 0.00
-1.06 -0.93 0.00
-0.22 -1.00 0.00
-0.44 -0.71 0.00
-0.53 -1.25 0.00
-0.75 -0.63 0.00
-0.54 -0.97 0.00
-0.08 -0.52 0.00
-0.80 -0.82 0.00
-0.56 -0.11 0.00
-0.69 -0.80 0.00
-0.29 -0.44 0.00
-0.20 -0.77 0.00
-1.01 -0.74 0.00
-0.65 -0.93 0.00
-0.26 -1.11 0.00
-0.68 -0.12 0.00
-0.57 -0.83 0.00
-0.83 -0.82 0.00
-0.41 -0.34 0.00
0.17 -0.62 0.00
-0.33 -1.26 0.00
-0.23 -0.73 0.00
-0.72 -0.95 0.00
-0.36 -0.84 0.00
-0.31 -0.90 0.00
0.09 -1.22 0.00
-0.38 -0.60 0.00
-0.20 -0.76 0.00
-0.68 -0.68 0.00
-0.86 -1.05 0.00
-0.97 -0.70 0.00
-0.31 -0.73 0.00
-0.81 -1.16 0.00
-0.36 -1.54 0.00
-0.22 -0.94 0.00
-0.23 -1.10 0.00
-0.61 -0.14 0.00
-0.80 -0.98 0.00
-0.77 -0.74 0.00
-0.19 -0.34 0.00
-0.72 -0.16 0.00
-0.31 -0.57 0.00
0.01 -0.36 0.00
-0.04 -0.82 0.00
-0.57 -0.34 0.00
-0.68 -0.63 0.00
-0.67 -0.97 0.00
0.05 -1.58 0.00
-0.42 -0.85 0.00
-0.56 -1.03 0.00
-0.52 -0.78 0.00
-0.64 -0.71 0.00
-0.58 -0.36 0.00
-0.38 -0.84 0.00
-0.42 -0.71 0.00
-0.05 -1.06 0.00
0.19 -0.39 0.00
-0.40 -1.45 0.00
-0.91 -0.98 0.00
-0.59 -0.71 0.00
-0.83 -0.73 0.00
-0.41 -0.38 0.00
-0.23 -1.10 0.00
-0.24 -0.30 0.00
-0.42 -0.81 0.00
-0.62 -0.75 0.00
-0.36 -0.42 0.00
-0.06 -0.98 0.00
-0.33 -0.75 0.00
-0.41 -0.69 0.00
-0.31 -0.77 0.00
-0.34 -0.79 0.00
-0.65 -1.36 0.00
-0.40 -1.11 0.00
-0.31 -0.87 0.00
-0.82 -0.56 0.00
-0.51 -1.09 0.00
-0.35 -1.05 0.00
-0.00 -0.65 0.00
0.07 -1.04 0.00
0.05 -0.78 0.00
-0.35 -0.85 0.00
0.02 -0.89 0.00
-0.61 -0.98 0.00
-1.10 -0.86 0.00
-0.77 -0.86 0.00
-0.46 -0.41 0.00
-0.05 -1.34 0.00
-0.35 -0.65 0.00
-0.41 -0.62 0.00
-0.68 -1.11 0.00
-0.33 -0.39 0.00
-0.64 -1.23 0.00
-0.17 -0.85 0.00
0.01 -0.10 0.00
0.23 -1.06 0.00
-0.51 -0.85 0.00
-0.31 -0.74 0.00
-0.12 -0.75 0.00
-0.59 -0.80 0.00
-0.03 -0.81 0.00
-0.29 -0.36 0.00
-0.48 -0.82 0.00
-1.01 -1.34 0.00
-0.41 -1.05 0.00
-0.21 -0.64 0.00
0.06 -0.52 0.00
-0.40 -0.80 0.00
-0.05 -0.53 0.00
-0.69 -0.91 0.00
-0.25 -0.62 0.00
0.05 -0.81 0.00
-0.89 -1.20 0.00
-0.71 -1.20 0.00
-0.23 -1.27 0.00
-0.36 -0.78 0.00
-0.28 -0.67 0.00
-0.33 -0.55 0.00
-0.14 -1.08 0.00
-0.34 -1.18 0.00
-0.50 -0.22 0.00
-0.05 -0.78 0.00
0.15 -0.63 0.00
-0.56 -0.98 0.00
-0.65 -0.48 0.00
-0.06 -0.85 0.00
-0.46 -0.54 0.00
-0.36 -1.08 0.00
-0.84 -1.13 0.00
-0.51 -0.94 0.00
0.03 -0.65 0.00
-0.17 -0.56 0.00
-0.22 -1.01 0.00
-0.18 -0.87 0.00
-0.77 -1.01 0.00
-0.75 -1.07 0.00
-0.53 -0.78 0.00
-0.40 -0.26 0.00
0.09 -0.87 0.00
-1.05 -0.55 0.00
-0.57 -0.63 0.00
-0.47 -0.58 0.00
-0.40 -0.85 0.00
-0.05 -0.97 0.00
-0.74 -0.33 0.00
0.17 -0.82 0.00
-0.61 -0.65 0.00
-0.06 -0.43 0.00
-0.14 -1.18 0.00
-0.58 -0.79 0.00
-1.05 -0.39 0.00
-0.66 -0.58 0.00
0.00 -0.79 0.00
-1.01 -0.64 0.00
-0.21 -0.57 0.00
-0.43 -0.81 0.00
-0.53 -0.95 0.00
-0.39 -0.66 0.00
-0.57 -0.90 0.00
-0.26 -0.79 0.00
-0.20 -0.96 0.00
-0.53 -0.43 0.00
-0.06 -0.56 0.00
-0.51 -0.94 0.00
-0.31 -0.68 0.00
-0.23 -0.57 0.00
-0.31 -1.06 0.00
-0.73 -0.81 0.00
-0.21 -0.63 0.00
-0.71 -0.76 0.00
0.01 -1.15 0.00
-0.42 -0.40 0.00
-0.17 -0.18 0.00
-0.84 -0.63 0.00
-0.28 -0.83 0.00
-0.45 -0.67 0.00
-0.72 -0.84 0.00
-0.27 -0.82 0.00
-0.96 -0.98 0.00
-0.38 -0.66 0.00
-0.25 -1.30 0.00
-0.10 -1.18 0.00
-0.14 -0.37 0.00
-0.47 -1.46 0.00
-0.32 -0.98 0.00
-0.97 -0.66 0.00
-0.20 -1.03 0.00
0.19 -1.19 0.00
-0.09 -0.56 0.00
-0.11 -0.74 0.00
-1.00 -0.86 0.00
-0.71 -0.42 0.00
-0.62 -1.14 0.00
-0.53 -1.24 0.00
-0.43 -0.84 0.00
-0.69 -0.92 0.00
-0.10 -0.41 0.00
-0.27 -0.81 0.00
-0.26 -0.66 0.00
-0.45 -0.63 0.00
-0.61 -1.08 0.00
-0.62 -1.14 0.00
-0.72 -0.93 0.00
-0.55 -1.28 0.00
-0.86 -1.02 0.00
-0.31 -0.58 0.00
-0.43 -0.56 0.00
-0.09 -0.47 0.00
-0.64 -1.16 0.00
-0.35 -1.40 0.00
-0.67 -1.02 0.00
-0.58 -0.18 0.00
-0.70 -0.02 0.00
-0.45 -0.52 0.00
-0.27 -0.24 0.00
-0.32 -0.30 0.00
-0.59 -0.70 0.00
-0.57 -0.75 0.00
-0.66 -0.75 0.00
-0.58 -0.99 0.00
-0.34 -0.75 0.00
0.05 -0.64 0.00
-0.72 -0.59 0.00
-0.47 -0.85 0.00
-0.21 -0.68 0.00
-0.55 -0.73 0.00
-0.60 -0.84 0.00
-0.81 -0.83 0.00
-0.48 -0.48 0.00
0.02 -0.82 0.00
-0.03 -0.26 0.00
-0.63 -0.95 0.00
-0.63 -0.98 0.00
-0.02 -1.20 0.00
0.07 -1.41 0.00
-0.85 -0.81 0.00
-0.43 -1.28 0.00
0.26 -0.82 0.00
-0.85 -0.46 0.00
-0.60 -0.99 0.00
-0.42 -0.38 0.00
-0.33 -0.91 0.00
-0.21 -0.04 0.00
-0.21 -1.24 0.00
-0.50 -1.21 0.00
-0.31 -0.47 0.00
-0.58 -0.88 0.00
-0.41 -0.97 0.00
-0.71 -0.60 0.00
-0.14 -0.87 0.00
-0.41 -0.88 0.00
-0.76 -1.00 0.00
-0.51 -0.44 0.00
-0.38 -0.82 0.00
-0.62 -0.78 0.00
-0.35 -0.79 0.00
-0.19 -0.52 0.00
-0.32 -0.71 0.00
0.15 -0.82 0.00
-0.88 -1.09 0.00
0.12 -1.09 0.00
-0.27 -0.54 0.00
-0.12 -0.87 0.00
-0.62 -0.18 0.00
-0.11 -0.60 0.00
-0.32 -0.62 0.00
-0.75 -0.95 0.00
-0.84 -0.42 0.00
-0.47 -1.04 0.00
0.01 -0.91 0.00
-0.80 -1.00 0.00
-0.23 -0.98 0.00
-0.50 -0.79 0.00
0.19 -0.49 0.00
-0.88 -0.90 0.00
-1.01 -0.82 0.00
-0.18 -1.18 0.00
-0.23 -0.75 0.00
-0.52 -0.51 0.00
-0.65 -0.91 0.00
-0.13 -1.49 0.00
-0.79 -0.66 0.00
-0.44 -0.48 0.00
-0.16 -0.77 0.00
-0.77 -0.85 0.00
-0.49 -0.27 0.00
-0.37 -0.75 0.00
-0.60 -0.46 0.00
-0.12 -0.65 0.00
-0.58 -0.86 0.00
-0.80 -0.01 0.00
-0.74 -0.89 0.00
-0.62 -0.87 0.00
-0.31 -1.04 0.00
0.01 -0.82 0.00
-0.11 -0.08 0.00
-0.41 -0.63 0.00
-0.64 -0.35 0.00
-0.57 -0.97 0.00
-0.74 -0.47 0.00
-0.40 -1.02 0.00
-0.71 -1.30 0.00
0.01 -0.80 0.00
-0.52 -1.01 0.00
-0.45 -0.60 0.00
-0.65 -1.02 0.00
-0.43 -0.91 0.00
-0.60 -0.61 0.00
-0.52 -0.30 0.00
0.28 -0.86 0.00
-0.68 -1.10 0.00
-0.77 -0.65 0.00
-0.57 -0.67 0.00
-0.78 -0.74 0.00
-0.34 -0.84 0.00
-0.19 -1.22 0.00
-0.71 -0.51 0.00
0.14 -0.75 0.00
-0.62 -0.65 0.00
-1.02 -0.90 0.00
-0.88 -0.85 0.00
-0.65 -0.79 0.00
-0.19 -0.66 0.00
-0.49 -0.75 0.00
-0.64 -0.99 0.00
-0.21 -0.33 0.00
-0.59 -1.26 0.00
-0.07 -0.67 0.00
-0.10 -0.37 0.00
-0.27 -0.46 0.00
-0.18 -0.76 0.00
0.22 -0.64 0.00
-0.73 -0.97 0.00
-0.57 -0.70 0.00
-0.36 -0.66 0.00
-0.34 -0.58 0.00
-0.69 -0.75 0.00
0.34 -1.02 0.00
-0.78 -0.40 0.00
-0.01 -0.65 0.00
-0.23 -0.08 0.00
-0.30 -1.02 0.00
-0.74 -0.69 0.00
-1.08 -0.21 0.00
-0.22 -0.56 0.00
-0.68 -1.04 0.00
-0.86 -0.88 0.00
-0.33 -0.74 0.00
-0.71 -0.76 0.00
-0.23 -0.76 0.00
-0.28 -0.53 0.00
-0.45 -0.67 0.00
-0.60 -0.73 0.00
-0.68 -0.80 0.00
-0.44 -0.63 0.00
-0.59 -0.98 0.00
-0.51 -0.82 0.00
-0.40 -0.77 0.00
-0.67 -0.66 0.00
-0.37 -0.79 0.00
-0.58 -0.65 0.00
-0.89 -0.67 0.00
-0.34 -0.84 0.00
1.22 0.05 1.00
0.53 1.14 1.00
0.73 0.24 1.00
0.51 0.81 1.00
0.19 0.74 1.00
0.75 0.77 1.00
0.49 0.92 1.00
0.46 1.35 1.00
0.15 1.10 1.00
0.42 0.95 1.00
0.82 0.92 1.00
0.20 -0.29 1.00
-0.19 0.90 1.00
-0.03 0.81 1.00
0.41 0.58 1.00
0.37 0.29 1.00
0.09 0.67 1.00
0.26 0.92 1.00
0.69 0.59 1.00
1.07 1.17 1.00
1.11 0.48 1.00
0.59 1.47 1.00
0.78 0.56 1.00
0.43 0.53 1.00
-0.00 0.71 1.00
0.01 0.86 1.00
0.20 0.85 1.00
0.44 0.79 1.00
0.41 0.33 1.00
0.75 0.71 1.00
0.59 0.84 1.00
0.44 1.36 1.00
0.22 0.68 1.00
0.22 0.18 1.00
0.17 0.63 1.00
0.63 1.03 1.00
0.51 0.93 1.00
0.09 1.13 1.00
0.45 0.45 1.00
0.55 0.89 1.00
0.67 1.05 1.00
0.31 1.20 1.00
1.12 0.54 1.00
0.21 0.47 1.00
0.64 1.13 1.00
0.57 0.85 1.00
0.56 0.26 1.00
0.35 0.46 1.00
0.62 0.81 1.00
0.50 1.14 1.00
0.54 0.93 1.00
0.96 0.75 1.00
0.19 0.85 1.00
0.13 1.15 1.00
0.31 1.01 1.00
0.55 0.57 1.00
0.26 0.88 1.00
0.36 0.76 1.00
0.35 0.94 1.00
-0.04 0.64 1.00
0.45 0.74 1.00
-0.02 0.74 1.00
0.22 0.71 1.00
0.11 0.24 1.00
0.75 0.60 1.00
-0.01 1.04 1.00
0.26 0.59 1.00
0.24 1.02 1.00
-0.11 0.94 1.00
0.64 1.06 1.00
0.48 0.22 1.00
0.41 0.52 1.00
0.21 0.66 1.00
0.33 0.77 1.00
0.42 0.62 1.00
0.07 0.71 1.00
0.25 0.95 1.00
0.71 0.45 1.00
-0.28 0.97 1.00
0.65 0.70 1.00
0.64 0.98 1.00
0.71 1.30 1.00
0.44 0.76 1.00
0.69 0.53 1.00
0.72 1.37 1.00
0.35 1.26 1.00
0.34 -0.03 1.00
0.64 1.08 1.00
0.92 0.60 1.00
0.51 0.69 1.00
0.23 0.42 1.00
0.16 0.91 1.00
0.03 0.79 1.00
0.20 0.15 1.00
0.44 0.60 1.00
0.63 0.94 1.00
0.19 0.81 1.00
0.34 0.72 1.00
0.40 0.95 1.00
0.65 0.99 1.00
0.70 0.44 1.00
1.06 1.24 1.00
0.37 0.25 1.00
-0.09 0.72 1.00
1.24 0.54 1.00
0.65 0.75 1.00
0.19 0.76 1.00
0.29 1.09 1.00
0.80 0.83 1.00
0.55 0.13 1.00
0.40 0.33 1.00
0.58 0.36 1.00
0.41 0.91 1.00
0.30 0.45 1.00
0.16 0.69 1.00
0.54 0.81 1.00
1.02 0.71 1.00
0.51 1.16 1.00
0.18 0.16 1.00
0.39 0.56 1.00
0.16 0.81 1.00
0.83 0.54 1.00
0.57 0.74 1.00
0.11 0.60 1.00
0.39 0.85 1.00
0.40 0.74 1.00
0.93 0.90 1.00
0.11 0.58 1.00
0.44 1.49 1.00
0.35 0.71 1.00
0.63 0.46 1.00
0.25 0.42 1.00
0.61 0.70 1.00
0.75 0.98 1.00
0.51 0.64 1.00
1.01 0.65 1.00
0.14 1.04 1.00
0.17 0.55 1.00
0.27 1.00 1.00
0.27 0.91 1.00
0.60 0.98 1.00
0.60 0.97 1.00
0.75 0.91 1.00
0.59 0.58 1.00
0.23 0.76 1.00
0.74 0.30 1.00
0.73 0.63 1.00
0.64 0.59 1.00
0.37 0.73 1.00
0.62 0.73 1.00
0.40 1.13 1.00
0.58 1.32 1.00
0.59 0.95 1.00
0.30 0.54 1.00
-0.19 0.97 1.00
0.83 1.15 1.00
0.21 0.36 1.00
0.64 1.09 1.00
0.80 1.14 1.00
0.95 1.03 1.00
0.05 0.58 1.00
0.39 1.03 1.00
-0.34 0.35 1.00
0.24 0.77 1.00
0.61 0.80 1.00
-0.04 1.06 1.00
0.27 0.83 1.00
-0.16 0.67 1.00
0.75 0.42 1.00
0.44 1.05 1.00
-0.28 0.47 1.00
0.42 0.77 1.00
0.76 0.86 1.00
0.48 0.61 1.00
1.08 0.38 1.00
0.46 0.62 1.00
0.35 0.86 1.00
0.75 0.35 1.00
0.24 0.50 1.00
0.25 0.55 1.00
0.40 0.99 1.00
0.46 0.94 1.00
0.74 0.78 1.00
0.61 0.95 1.00
0.56 0.92 1.00
0.58 1.07 1.00
0.53 0.54 1.00
0.58 0.89 1.00
0.39 0.40 1.00
0.89 0.30 1.00
0.56 1.19 1.00
0.22 0.63 1.00
-0.02 0.97 1.00
0.37 0.69 1.00
0.53 1.27 1.00
0.46 0.53 1.00
0.68 1.18 1.00
0.54 1.11 1.00
0.18 0.44 1.00
0.73 1.17 1.00
0.91 1.25 1.00
0.51 0.61 1.00
0.55 0.61 1.00
0.81 0.11 1.00
0.86 1.07 1.00
0.76 0.08 1.00
0.11 0.91 1.00
0.15 0.95 1.00
0.62 0.73 1.00
0.93 1.06 1.00
1.02 0.79 1.00
0.90 1.03 1.00
0.07 1.14 1.00
0.36 0.44 1.00
0.66 0.82 1.00
0.42 1.01 1.00
0.57 0.86 1.00
0.74 1.10 1.00
0.72 1.27 1.00
0.35 0.49 1.00
0.73 0.66 1.00
0.58 0.87 1.00
0.75 0.47 1.00
0.17 0.99 1.00
0.56 0.59 1.00
0.04 1.14 1.00
0.28 0.79 1.00
0.38 0.58 1.00
0.67 0.95 1.00
0.08 1.22 1.00
0.53 0.76 1.00
0.35 0.70 1.00
0.34 0.46 1.00
0.37 1.46 1.00
0.67 0.90 1.00
0.42 0.67 1.00
0.34 1.38 1.00
1.00 1.07 1.00
0.16 1.32 1.00
0.28 1.35 1.00
0.61 0.76 1.00
0.65 0.82 1.00
0.39 0.69 1.00
0.25 0.98 1.00
0.66 0.93 1.00
0.03 0.25 1.00
0.40 0.94 1.00
0.34 1.11 1.00
0.59 0.85 1.00
0.32 0.58 1.00
0.11 0.97 1.00
0.58 0.56 1.00
0.32 0.26 1.00
0.81 1.34 1.00
0.71 0.74 1.00
0.12 0.60 1.00
0.40 0.79 1.00
0.54 0.99 1.00
0.18 0.60 1.00
0.50 0.74 1.00
1.03 1.11 1.00
0.64 0.95 1.00
0.02 0.94 1.00
0.87 0.80 1.00
0.11 0.65 1.00
0.89 0.65 1.00
-0.04 0.75 1.00
-0.07 0.84 1.00
0.06 0.87 1.00
0.49 0.12 1.00
0.70 0.44 1.00
0.73 0.69 1.00
0.73 0.43 1.00
0.09 0.52 1.00
0.83 0.52 1.00
0.56 0.27 1.00
0.36 0.53 1.00
0.49 0.48 1.00
-0.14 1.39 1.00
0.69 0.86 1.00
0.39 0.78 1.00
0.59 0.73 1.00
-0.12 0.85 1.00
0.71 0.69 1.00
0.89 0.61 1.00
0.43 0.86 1.00
0.19 0.85 1.00
0.28 0.52 1.00
0.65 1.30 1.00
0.61 0.87 1.00
0.37 0.73 1.00
0.90 0.54 1.00
0.05 1.20 1.00
-0.20 0.60 1.00
0.12 0.78 1.00
0.73 1.14 1.00
0.21 0.10 1.00
0.36 0.20 1.00
0.43 1.02 1.00
0.82 0.64 1.00
0.18 0.54 1.00
0.41 0.47 1.00
0.67 1.13 1.00
0.41 1.26 1.00
-0.01 1.19 1.00
0.56 0.95 1.00
0.31 1.15 1.00
-0.01 0.77 1.00
0.30 0.70 1.00
0.20 0.88 1.00
0.54 0.43 1.00
-0.19 0.93 1.00
0.32 0.60 1.00
0.24 0.39 1.00
0.30 0.98 1.00
0.86 0.90 1.00
0.36 0.66 1.00
0.22 0.65 1.00
0.70 1.16 1.00
0.56 0.55 1.00
-0.10 0.70 1.00
0.90 0.46 1.00
0.37 0.83 1.00
0.86 1.02 1.00
0.43 0.68 1.00
0.94 1.00 1.00
0.07 0.26 1.00
0.76 0.80 1.00
-0.03 1.41 1.00
0.61 0.59 1.00
0.27 0.77 1.00
-0.03 0.58 1.00
0.66 1.19 1.00
1.01 1.09 1.00
0.33 0.47 1.00
0.10 1.15 1.00
0.36 0.28 1.00
-0.18 0.61 1.00
0.67 0.97 1.00
-0.06 1.01 1.00
0.81 1.44 1.00
0.82 0.33 1.00
0.59 0.52 1.00
0.77 0.98 1.00
0.25 1.25 1.00
0.84 0.96 1.00
0.59 0.23 1.00
1.00 0.48 1.00
0.12 0.72 1.00
0.27 0.89 1.00
-0.07 0.59 1.00
0.38 0.65 1.00
0.44 0.54 1.00
0.55 0.46 1.00
0.74 0.56 1.00
0.39 0.61 1.00
1.04 1.01 1.00
0.09 1.37 1.00
0.55 1.06 1.00
0.71 1.12 1.00
0.27 1.06 1.00
0.00 0.49 1.00
1.03 0.76 1.00
-0.00 1.22 1.00
0.96 0.26 1.00
-0.04 0.66 1.00
0.76 0.83 1.00
0.37 0.87 1.00
0.25 1.53 1.00
0.61 0.31 1.00
0.54 0.78 1.00
0.34 0.71 1.00
0.17 1.09 1.00
0.43 1.25 1.00
0.57 0.45 1.00
-0.14 1.01 1.00
0.18 0.56 1.00
0.34 0.31 1.00
0.22 0.63 1.00
0.53 0.83 1.00
0.78 0.58 1.00
0.25 1.01 1.00
0.45 0.59 1.00
0.75 0.39 1.00
0.23 0.62 1.00
0.64 0.54 1.00
0.17 1.07 1.00
0.25 1.14 1.00
0.40 1.11 1.00
0.12 1.09 1.00
0.14 0.75 1.00
0.49 1.11 1.00
0.77 0.73 1.00
0.42 1.36 1.00
0.17 1.20 1.00
0.83 1.10 1.00
-0.13 0.70 1.00
0.70 1.00 1.00
0.27 0.70 1.00
0.54 0.98 1.00
0.87 0.99 1.00
0.53 1.06 1.00
0.62 0.25 1.00
0.33 0.73 1.00
0.27 0.94 1.00
0.66 0.55 1.00
0.65 0.62 1.00
0.31 0.90 1.00
0.56 0.86 1.00
0.95 0.82 1.00
0.04 0.71 1.00
0.27 0.98 1.00
0.33 0.88 1.00
0.11 0.47 1.00
0.71 0.59 1.00
0.14 1.14 1.00
0.30 0.89 1.00
1.29 1.11 1.00
0.61 0.87 1.00
0.42 0.50 1.00
0.41 0.95 1.00
0.63 0.61 1.00
0.59 1.18 1.00
0.64 0.50 1.00
0.35 1.24 1.00
0.39 0.91 1.00
0.51 0.49 1.00
0.34 0.24 1.00
0.24 0.92 1.00
0.37 0.47 1.00
0.06 0.84 1.00
0.59 0.51 1.00
0.78 0.37 1.00
0.15 0.92 1.00
0.34 0.50 1.00
0.69 0.63 1.00
0.09 0.81 1.00
0.69 0.87 1.00
0.78 1.02 1.00
0.45 0.11 1.00
0.36 1.29 1.00
0.32 1.03 1.00
0.91 0.66 1.00
0.80 0.37 1.00
0.57 0.67 1.00
0.32 0.51 1.00
0.57 0.50 1.00
-0.25 0.81 1.00
-0.08 0.71 1.00
1.00 0.68 1.00
-0.10 0.26 1.00
0.80 0.72 1.00
0.18 0.69 1.00
0.58 0.92 1.00
0.77 1.10 1.00
0.68 0.31 1.00
0.43 0.49 1.00
0.74 0.78 1.00
0.54 0.37 1.00
0.45 0.76 1.00
0.31 0.83 1.00
0.03 0.49 1.00
0.61 0.68 1.00
0.40 0.40 1.00
-0.12 0.93 1.00
0.21 0.57 1.00
0.58 0.83 1.00
0.16 0.26 1.00
0.65 0.43 1.00
0.17 0.33 1.00
-0.10 0.53 1.00
0.64 0.61 1.00
-0.16 0.90 1.00
0.34 0.75 1.00
0.18 0.63 1.00
0.43 1.01 1.00
0.52 1.47 1.00
1.10 0.64 1.00
0.91 0.64 1.00
0.38 0.66 1.00
0.07 0.68 1.00
0.54 0.46 1.00
0.25 0.37 1.00
0.45 0.83 1.00
0.66 1.20 1.00
0.60 0.99 1.00
0.76 0.94 1.00
0.73 1.03 1.00
0.78 1.10 1.00
0.45 0.83 1.00
0.38 1.10 1.00
0.77 0.77 1.00
0.36 0.42 1.00
0.68 0.68 1.00
0.63 0.23 1.00
0.84 1.09 1.00
0.71 0.16 1.00
0.40 1.23 1.00
0.72 0.22 1.00
0.46 0.72 1.00
